7.082857142857142962e-01
6.112857142857143211e-01
6.032857142857143140e-01
6.602857142857142536e-01
6.148571428571428799e-01
6.029999999999999805e-01
6.194285714285714395e-01
6.947142857142857286e-01
6.189999999999999947e-01
5.997142857142857553e-01
6.264285714285714457e-01
6.144285714285714350e-01
6.647142857142857020e-01
6.512857142857142456e-01
6.907142857142857251e-01
6.962857142857142856e-01
6.252857142857143335e-01
6.001428571428570891e-01
6.618571428571428106e-01
6.732857142857142652e-01
7.072857142857142954e-01
6.652857142857142581e-01
6.042857142857143149e-01
6.330000000000000071e-01
6.927142857142857268e-01
6.598571428571428088e-01
6.648571428571428132e-01
7.095714285714285197e-01
6.995714285714286218e-01
6.621428571428571441e-01
6.730000000000000426e-01
7.134285714285714119e-01
7.014285714285714013e-01
6.675714285714285934e-01
7.305714285714285383e-01
7.051428571428571823e-01
6.527142857142856913e-01
6.155714285714285472e-01
5.944285714285714173e-01
6.202857142857143291e-01
6.227142857142856647e-01
6.764285714285713791e-01
7.012857142857142900e-01
6.872857142857142776e-01
7.387142857142857677e-01
7.179999999999999716e-01
7.219999999999999751e-01
6.997142857142857331e-01
6.982857142857142874e-01
6.955714285714286182e-01
7.151428571428571912e-01
7.231428571428571983e-01
6.688571428571428168e-01
7.364285714285714324e-01
7.095714285714285197e-01
7.014285714285714013e-01
7.377142857142857668e-01
6.867142857142857215e-01
6.954285714285713960e-01
6.737142857142857100e-01
6.532857142857142474e-01
6.434285714285714608e-01
6.328571428571428958e-01
6.099999999999999867e-01
6.421428571428571264e-01
6.478571428571429092e-01
6.112857142857143211e-01
6.145714285714285463e-01
6.527142857142856913e-01
6.597142857142856975e-01
6.971428571428571752e-01
6.868571428571428328e-01
6.697142857142857064e-01
7.104285714285714093e-01
6.772857142857142687e-01
6.374285714285714555e-01
6.434285714285714608e-01
6.301428571428571157e-01
6.307142857142856718e-01
6.532857142857142474e-01
6.377142857142856780e-01
6.767142857142857126e-01
7.039999999999999591e-01
7.048571428571428488e-01
6.928571428571428381e-01
7.362857142857143211e-01
7.257142857142857562e-01
7.151428571428571912e-01
7.174285714285714155e-01
6.985714285714286209e-01
6.921428571428571708e-01
6.157142857142857695e-01
6.578571428571428070e-01
6.447142857142856842e-01
6.057142857142857606e-01
6.035714285714285365e-01
6.465714285714285747e-01
6.667142857142857038e-01
6.655714285714285916e-01
6.918571428571428372e-01
7.068571428571428505e-01
6.857142857142857206e-01
7.287142857142857588e-01
7.048571428571428488e-01
6.558571428571428052e-01
6.661428571428571477e-01
6.370000000000000107e-01
6.072857142857143176e-01
6.318571428571428950e-01
7.088571428571428523e-01
6.778571428571428248e-01
6.811428571428571610e-01
6.790000000000000480e-01
6.017142857142857570e-01
6.021428571428570908e-01
6.615714285714285881e-01
6.742857142857142660e-01
6.320000000000000062e-01
6.105714285714285428e-01
6.424285714285714599e-01
6.695714285714285952e-01
6.847142857142857197e-01
7.077142857142857402e-01
7.041428571428571814e-01
6.815714285714286058e-01
6.009999999999999787e-01
5.878571428571428559e-01
6.798571428571428266e-01
6.195714285714285507e-01
6.191428571428571059e-01
6.622857142857142554e-01
6.972857142857142865e-01
6.794285714285713818e-01
7.048571428571428488e-01
7.322857142857143176e-01
6.722857142857142643e-01
6.964285714285713969e-01
7.089999999999999636e-01
7.148571428571428577e-01
6.934285714285713942e-01
7.105714285714285205e-01
6.979999999999999538e-01
7.082857142857142962e-01
6.074285714285714288e-01
6.158571428571428807e-01
6.578571428571428070e-01
7.031428571428571805e-01
6.675714285714285934e-01
6.967142857142857304e-01
7.095714285714285197e-01
7.059999999999999609e-01
6.221428571428571086e-01
5.995714285714285330e-01
6.611428571428571432e-01
5.932857142857143051e-01
6.175714285714285490e-01
6.242857142857143327e-01
6.181428571428571050e-01
6.142857142857143238e-01
6.581428571428571406e-01
6.624285714285714777e-01
6.414285714285714590e-01
7.104285714285714093e-01
6.792857142857142705e-01
7.157142857142857473e-01
7.199999999999999734e-01
6.768571428571428239e-01
7.154285714285714137e-01
7.235714285714285321e-01
7.015714285714286236e-01
7.299999999999999822e-01
7.237142857142857544e-01
6.852857142857142758e-01
6.470000000000000195e-01
6.650000000000000355e-01
6.878571428571428337e-01
6.982857142857142874e-01
6.988571428571428434e-01
7.341428571428570971e-01
6.607142857142856984e-01
7.041428571428571814e-01
7.151428571428571912e-01
6.704285714285713738e-01
7.131428571428571894e-01
7.034285714285714031e-01
7.298571428571428710e-01
7.009999999999999565e-01
7.054285714285714048e-01
6.967142857142857304e-01
7.222857142857143087e-01
7.077142857142857402e-01
6.075714285714285401e-01
6.245714285714285552e-01
6.468571428571429083e-01
6.109999999999999876e-01
6.598571428571428088e-01
6.405714285714285694e-01
6.009999999999999787e-01
6.179999999999999938e-01
6.540000000000000258e-01
6.165714285714285481e-01
6.311428571428571166e-01
6.485714285714285765e-01
6.105714285714285428e-01
6.287142857142856700e-01
6.144285714285714350e-01
6.887142857142857233e-01
6.908571428571428363e-01
6.962857142857142856e-01
7.051428571428571823e-01
6.722857142857142643e-01
6.378571428571429003e-01
6.507142857142856895e-01
6.582857142857142518e-01
6.155714285714285472e-01
6.165714285714285481e-01
6.421428571428571264e-01
6.511428571428571344e-01
6.115714285714285436e-01
6.580000000000000293e-01
6.898571428571428354e-01
6.780000000000000471e-01
6.857142857142857206e-01
6.962857142857142856e-01
7.178571428571428603e-01
6.804285714285713826e-01
6.830000000000000515e-01
6.502857142857142447e-01
6.595714285714285863e-01
6.307142857142856718e-01
5.975714285714285312e-01
6.535714285714285809e-01
6.515714285714285792e-01
7.022857142857142909e-01
7.024285714285714022e-01
6.845714285714286085e-01
7.115714285714285214e-01
7.157142857142857473e-01
7.215714285714285303e-01
6.730000000000000426e-01
6.821428571428571619e-01
7.108571428571428541e-01
7.209999999999999742e-01
6.962857142857142856e-01
6.332857142857143407e-01
6.158571428571428807e-01
6.938571428571428390e-01
6.069999999999999840e-01
6.019999999999999796e-01
6.555714285714285827e-01
6.558571428571428052e-01
6.335714285714285632e-01
6.681428571428571495e-01
6.222857142857143309e-01
6.335714285714285632e-01
6.247142857142856665e-01
6.361428571428571210e-01
6.288571428571428923e-01
6.115714285714285436e-01
6.488571428571429101e-01
6.254285714285714448e-01
6.182857142857143273e-01
6.058571428571428719e-01
6.774285714285713800e-01
6.101428571428570979e-01
6.099999999999999867e-01
6.421428571428571264e-01
6.634285714285714786e-01
6.578571428571428070e-01
6.742857142857142660e-01
7.161428571428571921e-01
7.101428571428571868e-01
7.019999999999999574e-01
6.871428571428571663e-01
7.134285714285714119e-01
7.005714285714286227e-01
7.229999999999999760e-01
7.224285714285714199e-01
7.087142857142857411e-01
6.931428571428571717e-01
6.665714285714285925e-01
7.154285714285714137e-01
7.155714285714285250e-01
7.148571428571428577e-01
7.162857142857143034e-01
6.998571428571428443e-01
6.821428571428571619e-01
6.768571428571428239e-01
6.628571428571428115e-01
6.125714285714285445e-01
6.255714285714285561e-01
6.617142857142856993e-01
6.652857142857142581e-01
6.129999999999999893e-01
6.344285714285714528e-01
7.151428571428571912e-01
6.952857142857142847e-01
7.097142857142857419e-01
7.118571428571428550e-01
6.905714285714286138e-01
6.690000000000000391e-01
6.955714285714286182e-01
6.978571428571428426e-01
7.202857142857143069e-01
7.134285714285714119e-01
6.991428571428571770e-01
6.368571428571428994e-01
6.582857142857142518e-01
6.584285714285714741e-01
6.250000000000000000e-01
6.281428571428571139e-01
6.354285714285714537e-01
6.179999999999999938e-01
6.318571428571428950e-01
6.879999999999999449e-01
7.051428571428571823e-01
7.112857142857142989e-01
7.117142857142857437e-01
7.255714285714285339e-01
7.122857142857142998e-01
7.228571428571428648e-01
7.264285714285714235e-01
7.282857142857143140e-01
6.959999999999999520e-01
7.082857142857142962e-01
7.055714285714285161e-01
6.367142857142856771e-01
6.692857142857142616e-01
7.067142857142857393e-01
7.034285714285714031e-01
6.148571428571428799e-01
6.169999999999999929e-01
6.238571428571428878e-01
6.314285714285714501e-01
6.820000000000000506e-01
6.711428571428571521e-01
6.682857142857142607e-01
7.144285714285714128e-01
6.850000000000000533e-01
6.791428571428571592e-01
6.989999999999999547e-01
6.668571428571428150e-01
6.155714285714285472e-01
6.111428571428570988e-01
6.612857142857142545e-01
6.647142857142857020e-01
6.692857142857142616e-01
7.072857142857142954e-01
7.338571428571428745e-01
6.844285714285713862e-01
7.192857142857143060e-01
7.159999999999999698e-01
7.047142857142857375e-01
6.208571428571428852e-01
6.191428571428571059e-01
6.571428571428571397e-01
6.510000000000000231e-01
5.944285714285714173e-01
6.265714285714285570e-01
6.875714285714286111e-01
6.705714285714285960e-01
6.245714285714285552e-01
6.137142857142857677e-01
6.868571428571428328e-01
6.762857142857142678e-01
6.065714285714285392e-01
6.138571428571428790e-01
6.784285714285713809e-01
6.984285714285713986e-01
6.874285714285713889e-01
6.927142857142857268e-01
6.895714285714286129e-01
6.848571428571428310e-01
6.664285714285714812e-01
6.054285714285714270e-01
6.490000000000000213e-01
6.927142857142857268e-01
6.201428571428571068e-01
6.069999999999999840e-01
6.325714285714285623e-01
6.760000000000000453e-01
6.851428571428571646e-01
6.831428571428571628e-01
6.905714285714286138e-01
6.104285714285714315e-01
6.257142857142856673e-01
6.567142857142856949e-01
6.318571428571428950e-01
6.862857142857142767e-01
6.929999999999999494e-01
7.171428571428571930e-01
7.037142857142857366e-01
7.002857142857142891e-01
7.088571428571428523e-01
7.261428571428570899e-01
7.182857142857143051e-01
7.162857142857143034e-01
7.054285714285714048e-01
6.658571428571428141e-01
6.931428571428571717e-01
7.141428571428571903e-01
7.134285714285714119e-01
7.045714285714286262e-01
6.872857142857142776e-01
7.117142857142857437e-01
7.097142857142857419e-01
7.157142857142857473e-01
6.958571428571428408e-01
6.741428571428571548e-01
7.145714285714285241e-01
7.178571428571428603e-01
7.278571428571428692e-01
7.218571428571428639e-01
7.077142857142857402e-01
7.117142857142857437e-01
7.305714285714285383e-01
7.022857142857142909e-01
7.244285714285714217e-01
7.301428571428570935e-01
7.205714285714285294e-01
6.254285714285714448e-01
6.214285714285714413e-01
6.681428571428571495e-01
6.860000000000000542e-01
6.281428571428571139e-01
6.061428571428570944e-01
6.641428571428571459e-01
6.162857142857143256e-01
6.374285714285714555e-01
6.292857142857143371e-01
6.915714285714286147e-01
6.882857142857142785e-01
6.977142857142857313e-01
7.212857142857143078e-01
6.978571428571428426e-01
6.545714285714285818e-01
6.198571428571428843e-01
6.052857142857143158e-01
6.574285714285714732e-01
6.697142857142857064e-01
6.182857142857143273e-01
6.164285714285714368e-01
6.395714285714285685e-01
5.935714285714285277e-01
6.087142857142857633e-01
6.317142857142856727e-01
6.788571428571428257e-01
6.665714285714285925e-01
6.022857142857143131e-01
6.378571428571429003e-01
6.807142857142857162e-01
6.977142857142857313e-01
6.748571428571428221e-01
7.142857142857143016e-01
6.885714285714286120e-01
6.584285714285714741e-01
6.471428571428571308e-01
6.470000000000000195e-01
6.412857142857142367e-01
5.954285714285714182e-01
6.117142857142857659e-01
7.115714285714285214e-01
7.054285714285714048e-01
6.951428571428571734e-01
6.964285714285713969e-01
7.121428571428571885e-01
7.054285714285714048e-01
6.667142857142857038e-01
7.104285714285714093e-01
7.319999999999999840e-01
7.242857142857143105e-01
7.338571428571428745e-01
7.089999999999999636e-01
7.315714285714285392e-01
7.041428571428571814e-01
6.840000000000000524e-01
7.189999999999999725e-01
7.135714285714285232e-01
6.982857142857142874e-01
6.720000000000000417e-01
6.152857142857143247e-01
6.102857142857143202e-01
6.234285714285714430e-01
6.640000000000000346e-01
6.898571428571428354e-01
7.012857142857142900e-01
7.368571428571428772e-01
7.228571428571428648e-01
6.594285714285714750e-01
6.490000000000000213e-01
6.577142857142856958e-01
6.035714285714285365e-01
5.877142857142857446e-01
6.555714285714285827e-01
6.644285714285714795e-01
7.057142857142857384e-01
7.092857142857142971e-01
7.301428571428570935e-01
6.617142857142856993e-01
6.225714285714285534e-01
6.608571428571428097e-01
6.778571428571428248e-01
5.958571428571428630e-01
6.104285714285714315e-01
6.714285714285713746e-01
6.584285714285714741e-01
6.887142857142857233e-01
7.188571428571428612e-01
7.072857142857142954e-01
6.640000000000000346e-01
7.198571428571428621e-01
7.014285714285714013e-01
6.812857142857142723e-01
6.467142857142856860e-01
6.527142857142856913e-01
6.290000000000000036e-01
6.162857142857143256e-01
6.114285714285714324e-01
6.582857142857142518e-01
6.715714285714285969e-01
6.684285714285714830e-01
7.027142857142857357e-01
7.162857142857143034e-01
6.982857142857142874e-01
7.248571428571428665e-01
7.431428571428571050e-01
7.252857142857143113e-01
6.911428571428571699e-01
7.091428571428571859e-01
7.167142857142857482e-01
7.241428571428570882e-01
7.005714285714286227e-01
7.195714285714285285e-01
7.008571428571428452e-01
6.848571428571428310e-01
6.424285714285714599e-01
6.734285714285713764e-01
6.225714285714285534e-01
6.187142857142856611e-01
6.291428571428571148e-01
6.038571428571428701e-01
6.328571428571428958e-01
6.099999999999999867e-01
6.697142857142857064e-01
6.354285714285714537e-01
6.164285714285714368e-01
6.307142857142856718e-01
6.902857142857142803e-01
7.028571428571428470e-01
7.107142857142857428e-01
7.308571428571428719e-01
7.105714285714285205e-01
6.410000000000000142e-01
6.437142857142856833e-01
6.322857142857143398e-01
6.175714285714285490e-01
6.149999999999999911e-01
6.405714285714285694e-01
6.919999999999999485e-01
7.095714285714285197e-01
6.732857142857142652e-01
7.197142857142857508e-01
7.078571428571428514e-01
6.501428571428571335e-01
6.815714285714286058e-01
6.159999999999999920e-01
6.229999999999999982e-01
6.414285714285714590e-01
6.618571428571428106e-01
6.811428571428571610e-01
6.879999999999999449e-01
7.054285714285714048e-01
6.697142857142857064e-01
7.028571428571428470e-01
7.159999999999999698e-01
7.201428571428571956e-01
6.992857142857142883e-01
6.894285714285713906e-01
7.049999999999999600e-01
7.009999999999999565e-01
6.911428571428571699e-01
7.291428571428570926e-01
7.137142857142857455e-01
7.075714285714285179e-01
7.279999999999999805e-01
7.229999999999999760e-01
6.711428571428571521e-01
7.117142857142857437e-01
6.404285714285714581e-01
6.135714285714285454e-01
6.054285714285714270e-01
6.074285714285714288e-01
6.471428571428571308e-01
6.227142857142856647e-01
6.637142857142857011e-01
6.430000000000000160e-01
6.217142857142856638e-01
6.122857142857143220e-01
6.727142857142857091e-01
6.025714285714285356e-01
6.854285714285713871e-01
6.761428571428571566e-01
7.288571428571428701e-01
7.249999999999999778e-01
7.197142857142857508e-01
7.535714285714285587e-01
7.149999999999999689e-01
7.292857142857143149e-01
6.902857142857142803e-01
6.438571428571429056e-01
6.517142857142856904e-01
6.127142857142857668e-01
6.178571428571428825e-01
6.397142857142856798e-01
5.998571428571428665e-01
6.142857142857143238e-01
6.168571428571428816e-01
6.634285714285714786e-01
6.821428571428571619e-01
6.625714285714285889e-01
6.517142857142856904e-01
7.059999999999999609e-01
7.091428571428571859e-01
7.129999999999999671e-01
7.238571428571428656e-01
6.994285714285713995e-01
6.431428571428571273e-01
6.672857142857142598e-01
6.232857142857143318e-01
6.112857142857143211e-01
6.518571428571428017e-01
6.738571428571428212e-01
6.071428571428570953e-01
6.748571428571428221e-01
7.195714285714285285e-01
7.092857142857142971e-01
7.194285714285714173e-01
7.251428571428570891e-01
6.974285714285713977e-01
7.335714285714285410e-01
7.247142857142857553e-01
7.085714285714285188e-01
6.322857142857143398e-01
6.655714285714285916e-01
6.021428571428570908e-01
6.244285714285714439e-01
6.431428571428571273e-01
6.984285714285713986e-01
7.137142857142857455e-01
6.757142857142857117e-01
6.632857142857142563e-01
6.340000000000000080e-01
6.491428571428571326e-01
6.762857142857142678e-01
6.887142857142857233e-01
7.082857142857142962e-01
7.187142857142857499e-01
7.078571428571428514e-01
6.721428571428571530e-01
6.771428571428571574e-01
7.207142857142857517e-01
7.325714285714285401e-01
7.302857142857143158e-01
7.185714285714285277e-01
7.248571428571428665e-01
7.367142857142857659e-01
7.139999999999999680e-01
7.224285714285714199e-01
7.162857142857143034e-01
7.102857142857142980e-01
7.092857142857142971e-01
6.772857142857142687e-01
6.944285714285713951e-01
7.502857142857143335e-01
7.235714285714285321e-01
6.781428571428571583e-01
7.019999999999999574e-01
7.167142857142857482e-01
7.335714285714285410e-01
7.315714285714285392e-01
7.095714285714285197e-01
6.660000000000000364e-01
6.827142857142857180e-01
7.274285714285714244e-01
7.079999999999999627e-01
6.997142857142857331e-01
7.401428571428571024e-01
7.097142857142857419e-01
6.548571428571428044e-01
7.287142857142857588e-01
7.145714285714285241e-01
7.347142857142857642e-01
6.965714285714286191e-01
6.521428571428571352e-01
6.104285714285714315e-01
6.192857142857143282e-01
6.591428571428571415e-01
6.805714285714286049e-01
6.977142857142857313e-01
7.259999999999999787e-01
7.267142857142857570e-01
7.031428571428571805e-01
7.171428571428571930e-01
7.429999999999999938e-01
7.031428571428571805e-01
7.131428571428571894e-01
7.221428571428571974e-01
7.159999999999999698e-01
7.168571428571428594e-01
7.365714285714285436e-01
7.227142857142857535e-01
6.915714285714286147e-01
6.169999999999999929e-01
6.127142857142857668e-01
6.467142857142856860e-01
6.604285714285714759e-01
6.295714285714285596e-01
6.547142857142856931e-01
6.074285714285714288e-01
6.935714285714286165e-01
7.151428571428571912e-01
7.137142857142857455e-01
6.550000000000000266e-01
6.908571428571428363e-01
6.961428571428571743e-01
6.954285714285713960e-01
6.991428571428571770e-01
7.044285714285714040e-01
6.737142857142857100e-01
7.211428571428571965e-01
7.281428571428570917e-01
7.235714285714285321e-01
6.984285714285713986e-01
7.155714285714285250e-01
7.284285714285714253e-01
7.008571428571428452e-01
6.992857142857142883e-01
6.600000000000000311e-01
6.378571428571429003e-01
6.504285714285714670e-01
6.147142857142857686e-01
6.291428571428571148e-01
6.934285714285713942e-01
7.072857142857142954e-01
7.015714285714286236e-01
7.275714285714285356e-01
7.039999999999999591e-01
7.305714285714285383e-01
6.995714285714286218e-01
7.152857142857143025e-01
7.272857142857143131e-01
7.108571428571428541e-01
6.965714285714286191e-01
7.047142857142857375e-01
6.972857142857142865e-01
7.302857142857143158e-01
7.088571428571428523e-01
7.039999999999999591e-01
6.474285714285714644e-01
6.382857142857142341e-01
6.594285714285714750e-01
7.078571428571428514e-01
5.995714285714285330e-01
6.155714285714285472e-01
6.335714285714285632e-01
6.640000000000000346e-01
6.999999999999999556e-01
7.135714285714285232e-01
6.212857142857143300e-01
6.115714285714285436e-01
6.058571428571428719e-01
6.310000000000000053e-01
6.674285714285714821e-01
6.590000000000000302e-01
6.718571428571428195e-01
7.272857142857143131e-01
6.954285714285713960e-01
6.987142857142857322e-01
6.931428571428571717e-01
7.038571428571428479e-01
7.041428571428571814e-01
7.179999999999999716e-01
7.001428571428571779e-01
7.155714285714285250e-01
6.457142857142856851e-01
6.959999999999999520e-01
7.352857142857143202e-01
6.802857142857142714e-01
7.245714285714285330e-01
7.164285714285714146e-01
7.064285714285714057e-01
6.432857142857142385e-01
6.365714285714285658e-01
6.698571428571428177e-01
6.157142857142857695e-01
6.015714285714285348e-01
6.465714285714285747e-01
6.352857142857142314e-01
6.665714285714285925e-01
7.121428571428571885e-01
7.329999999999999849e-01
7.174285714285714155e-01
6.922857142857142820e-01
6.897142857142857242e-01
7.314285714285714279e-01
7.221428571428571974e-01
7.354285714285714315e-01
7.405714285714285472e-01
7.335714285714285410e-01
7.349999999999999867e-01
6.682857142857142607e-01
6.209999999999999964e-01
6.174285714285714377e-01
7.029999999999999583e-01
6.958571428571428408e-01
7.341428571428570971e-01
7.118571428571428550e-01
6.850000000000000533e-01
7.218571428571428639e-01
7.267142857142857570e-01
7.034285714285714031e-01
6.824285714285713844e-01
7.224285714285714199e-01
7.329999999999999849e-01
6.958571428571428408e-01
6.421428571428571264e-01
6.480000000000000204e-01
6.149999999999999911e-01
6.510000000000000231e-01
6.115714285714285436e-01
6.092857142857143193e-01
6.737142857142857100e-01
6.431428571428571273e-01
6.104285714285714315e-01
6.165714285714285481e-01
6.307142857142856718e-01
6.590000000000000302e-01
6.014285714285714235e-01
6.228571428571428870e-01
6.858571428571428319e-01
6.545714285714285818e-01
6.889999999999999458e-01
6.672857142857142598e-01
6.921428571428571708e-01
6.712857142857142634e-01
6.038571428571428701e-01
6.158571428571428807e-01
6.179999999999999938e-01
6.808571428571428275e-01
6.574285714285714732e-01
6.558571428571428052e-01
7.229999999999999760e-01
7.162857142857143034e-01
6.804285714285713826e-01
7.031428571428571805e-01
6.928571428571428381e-01
6.777142857142857135e-01
6.901428571428571690e-01
7.019999999999999574e-01
7.262857142857143122e-01
6.822857142857142732e-01
7.178571428571428603e-01
6.727142857142857091e-01
7.231428571428571983e-01
6.932857142857142829e-01
7.078571428571428514e-01
7.317142857142857615e-01
7.229999999999999760e-01
7.285714285714285365e-01
7.089999999999999636e-01
7.127142857142857446e-01
6.889999999999999458e-01
6.478571428571429092e-01
6.072857142857143176e-01
6.808571428571428275e-01
6.239999999999999991e-01
6.232857142857143318e-01
6.442857142857142394e-01
6.684285714285714830e-01
6.951428571428571734e-01
7.161428571428571921e-01
7.192857142857143060e-01
7.179999999999999716e-01
6.074285714285714288e-01
5.927142857142857491e-01
6.578571428571428070e-01
7.085714285714285188e-01
7.072857142857142954e-01
6.741428571428571548e-01
6.691428571428571503e-01
6.965714285714286191e-01
7.015714285714286236e-01
7.185714285714285277e-01
7.072857142857142954e-01
7.165714285714285259e-01
7.124285714285714111e-01
6.788571428571428257e-01
6.882857142857142785e-01
6.731428571428571539e-01
7.452857142857143291e-01
7.101428571428571868e-01
7.194285714285714173e-01
7.218571428571428639e-01
7.094285714285714084e-01
7.271428571428570908e-01
6.881428571428571672e-01
7.084285714285714075e-01
7.207142857142857517e-01
7.115714285714285214e-01
7.061428571428571832e-01
7.188571428571428612e-01
7.261428571428570899e-01
6.965714285714286191e-01
6.642857142857142572e-01
6.400000000000000133e-01
6.497142857142856887e-01
6.394285714285714572e-01
6.138571428571428790e-01
6.114285714285714324e-01
6.401428571428571246e-01
7.047142857142857375e-01
7.341428571428570971e-01
6.821428571428571619e-01
7.062857142857142945e-01
6.641428571428571459e-01
6.924285714285713933e-01
6.952857142857142847e-01
6.897142857142857242e-01
7.238571428571428656e-01
7.289999999999999813e-01
7.219999999999999751e-01
6.748571428571428221e-01
6.875714285714286111e-01
6.955714285714286182e-01
7.248571428571428665e-01
7.127142857142857446e-01
7.161428571428571921e-01
7.255714285714285339e-01
6.754285714285713782e-01
7.057142857142857384e-01
7.332857142857143185e-01
7.151428571428571912e-01
7.177142857142857491e-01
7.247142857142857553e-01
6.865714285714286103e-01
7.387142857142857677e-01
7.379999999999999893e-01
7.002857142857142891e-01
6.854285714285713871e-01
6.725714285714285978e-01
6.474285714285714644e-01
6.252857142857143335e-01
6.502857142857142447e-01
6.444285714285714617e-01
6.242857142857143327e-01
6.202857142857143291e-01
6.821428571428571619e-01
7.049999999999999600e-01
6.817142857142857171e-01
7.317142857142857615e-01
7.074285714285714066e-01
7.029999999999999583e-01
7.277142857142857579e-01
7.099999999999999645e-01
7.111428571428571876e-01
7.075714285714285179e-01
6.914285714285713924e-01
6.997142857142857331e-01
6.918571428571428372e-01
7.139999999999999680e-01
7.089999999999999636e-01
7.012857142857142900e-01
6.225714285714285534e-01
6.650000000000000355e-01
6.128571428571428781e-01
6.701428571428571512e-01
6.328571428571428958e-01
6.785714285714286031e-01
6.820000000000000506e-01
6.660000000000000364e-01
6.840000000000000524e-01
6.700000000000000400e-01
6.610000000000000320e-01
6.731428571428571539e-01
6.425714285714285712e-01
6.591428571428571415e-01
6.742857142857142660e-01
6.079999999999999849e-01
6.121428571428570997e-01
6.640000000000000346e-01
6.049999999999999822e-01
6.067142857142857615e-01
6.648571428571428132e-01
6.882857142857142785e-01
6.854285714285713871e-01
7.125714285714285223e-01
7.287142857142857588e-01
7.049999999999999600e-01
7.232857142857143096e-01
7.162857142857143034e-01
