2.456724053195872784e+03
2.788910576498276441e+03
2.787251469076806188e+03
2.395919566202693204e+03
2.787153942182918854e+03
2.786621527856182638e+03
2.787062072857877865e+03
2.697912499982772715e+03
2.786391692907141532e+03
2.784547847055860075e+03
2.525117424235023009e+03
2.785645979915728731e+03
2.266890413888997955e+03
2.657693396273692088e+03
1.965679330305414169e+03
2.079159978838011284e+03
2.771813057553307317e+03
2.785659092699075700e+03
2.490376272271834296e+03
2.570979755238905000e+03
1.886212113180886263e+03
2.727942713943226408e+03
2.779366467774674675e+03
2.781671311124363001e+03
2.409246496699389809e+03
2.747874270604505909e+03
2.697742942069421588e+03
2.661277944240859597e+03
2.298004926865781727e+03
9.774571459371129549e+02
9.555017697321004562e+02
1.084041638543459385e+03
8.491360379708570463e+02
9.994522026170435538e+02
9.437650136703769022e+02
1.035819016638538869e+03
1.352089688083893179e+03
2.783622342787671187e+03
2.791616322683315047e+03
2.788397358101741702e+03
2.306815256691196282e+03
1.410784064417981199e+03
1.619366509645723454e+03
1.294433459475727432e+03
9.504786512654189892e+02
9.472489250165760950e+02
1.108560645016243825e+03
1.509809316222324924e+03
1.896487117752064478e+03
9.471627280044856434e+02
9.548397754743181167e+02
9.536368730304478731e+02
1.006639607915509259e+03
9.622254774149959076e+02
1.001761884028435134e+03
9.508610468168640182e+02
9.491113586365380570e+02
9.710025160152916897e+02
1.439636295629827828e+03
2.354506312038407941e+03
2.623816479026364050e+03
2.714388792320602533e+03
2.775190033507229145e+03
2.788751303524549712e+03
2.772136046793496462e+03
2.765893465690689027e+03
2.790198893966261039e+03
2.786901769493008487e+03
2.397199168539456878e+03
1.662407980383089125e+03
1.281688433622297225e+03
1.057729930855857674e+03
9.491853588686362855e+02
9.490834956898295331e+02
1.824522212954564111e+03
2.732556733818444172e+03
2.700545957847952650e+03
2.756887307096198128e+03
2.787073989294303374e+03
2.744179191021352835e+03
2.545811711722592008e+03
1.771082572015829555e+03
1.862167817864558856e+03
1.352604715891867500e+03
1.084323941391088056e+03
7.840782596463456002e+02
7.833567088498067505e+02
1.069743287197881273e+03
1.728650886393313613e+03
7.841175696774955668e+02
1.579652891116609680e+03
2.785622648504631343e+03
2.694288248566693710e+03
2.758238904816692411e+03
2.789185703929985721e+03
2.788517779908118882e+03
2.115845485859131713e+03
1.224297675082240175e+03
1.116854095828575510e+03
9.640603197082231191e+02
9.520496889913003997e+02
9.914904213221512919e+02
9.560472495616912738e+02
1.437830297429012944e+03
2.398586520476415899e+03
2.514221892076946006e+03
2.710335995728365106e+03
2.787093609014958474e+03
2.216200941140627037e+03
1.027035646318307954e+03
1.727865123733405881e+03
1.527252632110140667e+03
2.479760813204424267e+03
2.786971385918232500e+03
2.787872808167976928e+03
2.493668497310422026e+03
2.577955899343700366e+03
2.786556523166098486e+03
2.787338396473852299e+03
2.208046061822433785e+03
1.405994998270514770e+03
1.089084862139901816e+03
1.511532582527517434e+03
2.366809138962968518e+03
1.686601436994107871e+03
2.789427770111885820e+03
2.789839252942720577e+03
2.657874926477765257e+03
2.788016094342791803e+03
2.784248580814393335e+03
2.061881623452114582e+03
1.115224895804851485e+03
9.790188576570041050e+02
7.932545806511815272e+02
1.557450570517360802e+03
9.545775542592962211e+02
7.806064872897176201e+02
7.878102416200093785e+02
1.219828541274953068e+03
1.669789803575193446e+03
2.193053390638979181e+03
2.077081501965116331e+03
2.550794565441352461e+03
2.788945713949489800e+03
2.786637776630793269e+03
1.827129815950247348e+03
1.785164809138153032e+03
9.497439828613847794e+02
9.573366526361022579e+02
9.674590244337628064e+02
1.757509997972129440e+03
2.784843500167027287e+03
2.789075985219662925e+03
2.750785393028121689e+03
2.786260359854251874e+03
2.788317693517708449e+03
2.775818347527383594e+03
2.777103256531192073e+03
2.783122971038989817e+03
2.012997388361413869e+03
2.643957779087003019e+03
2.119866661152922916e+03
9.795341702612572590e+02
1.187156494052523158e+03
9.489460497621921604e+02
9.568610598473644586e+02
9.629944268104625280e+02
9.488924154221076606e+02
9.578276841427475574e+02
9.838168435817416366e+02
9.598925860268177530e+02
9.435572862538888330e+02
1.847833182855899622e+03
2.673372609042314252e+03
2.408104972172780890e+03
2.093358772073170257e+03
1.250574255323601392e+03
9.527145895245556630e+02
9.385535885818489987e+02
9.744007841536972592e+02
9.478072874373683590e+02
9.535744675896720537e+02
9.726575872010334933e+02
9.547278468388333295e+02
9.545678100671456150e+02
9.551141681313645222e+02
1.233988104736294872e+03
1.738149212015307739e+03
9.111052668742813694e+02
7.835761040025111015e+02
1.828936111532045743e+03
2.790846052132696059e+03
2.785430676521998976e+03
2.750254503323785684e+03
2.728883133072425153e+03
2.696379055406479438e+03
2.763887389568841627e+03
2.789850484704263181e+03
2.770978519427469109e+03
2.772762620535868791e+03
2.786246015876584352e+03
2.765288965156184076e+03
2.755357942998418366e+03
2.788717439484977149e+03
2.786612879303785121e+03
2.026016353305157054e+03
1.130344848965891288e+03
1.064563522846570550e+03
9.601947896130118352e+02
9.567995131621388509e+02
1.356695146938311609e+03
2.185092874154799574e+03
2.590700938895462969e+03
2.759839974921979319e+03
2.788219064468336910e+03
2.780908372110022356e+03
2.760494197113237988e+03
2.754859035312243577e+03
2.786571461991682554e+03
2.341599372478528949e+03
1.579347620342730579e+03
1.287425682793562146e+03
1.102961372366294427e+03
9.540771308825170536e+02
9.561320262865749555e+02
1.561562613537707193e+03
2.397741712497653225e+03
2.577609892424436111e+03
2.728518400023552658e+03
2.751740067695032849e+03
2.788826289752944831e+03
2.767717605716521575e+03
1.965809132654659379e+03
1.014186302478028779e+03
1.336461662610725398e+03
9.305422367247797411e+02
7.785454310470942119e+02
1.233620185657462116e+03
1.694712405126971134e+03
7.858860491220304993e+02
7.840194487224210889e+02
7.821549166856043485e+02
1.809790749307824854e+03
1.375932986395175703e+03
2.786096777451385151e+03
2.788526451837891727e+03
2.553402239177113188e+03
2.785594635789183485e+03
2.788271050723712960e+03
1.784688916081781144e+03
2.719604050991769327e+03
2.520397519809774167e+03
2.367660828264095926e+03
2.786677853948376196e+03
2.769901829191599518e+03
2.783433829511041949e+03
2.778249740067253697e+03
2.780841569589971641e+03
2.787090944396990380e+03
2.775875171204657363e+03
2.766581580988736732e+03
2.787878551761513336e+03
2.787105973903996528e+03
2.757070527684953959e+03
2.785434017129968197e+03
2.784014478647425676e+03
2.400634286277928368e+03
1.664961404450985810e+03
1.183093315598650179e+03
1.003742713052291606e+03
2.093885632146194439e+03
1.621965936653555900e+03
2.238236423084877970e+03
2.468575286299500021e+03
1.432537724880417954e+03
7.794194512328728024e+02
7.810985499753203385e+02
7.860919343865633664e+02
1.527225648823346319e+03
1.742686928061669960e+03
8.185841370998231241e+02
7.840947491365249107e+02
7.856525458548879897e+02
7.988465088718094194e+02
7.822002684753045969e+02
7.861534051594383072e+02
1.416189532178509126e+03
1.940238804940099953e+03
2.080253330904502491e+03
2.785473113337244286e+03
2.787292763329375248e+03
2.625875090544933755e+03
2.588797706789837775e+03
2.786800150102888892e+03
2.022254478789710902e+03
1.581960956397929067e+03
1.449181478588711798e+03
9.556713379909832611e+02
9.574437279652630650e+02
1.000450904467430178e+03
9.545554637168079353e+02
9.555542672086517086e+02
9.748867043908104506e+02
9.511588402673544351e+02
9.552629662085171276e+02
1.126621582533109859e+03
1.690951170470184024e+03
2.368345744744864533e+03
2.620717626276970350e+03
2.786613601148097132e+03
2.778908250557263727e+03
2.771002116793727055e+03
2.789554322150852386e+03
2.001909244650058781e+03
9.614769644967601607e+02
1.172022147592294459e+03
7.865671515061213768e+02
7.839654075425337396e+02
7.831744070158171098e+02
1.369105605547344339e+03
2.289833743188815333e+03
8.724362536165982647e+02
7.837579137331089214e+02
7.985544748264669579e+02
1.009260412792943271e+03
8.750947164252759194e+02
8.901306456455010903e+02
2.210488244052703521e+03
1.152961047432983378e+03
1.234825438630320605e+03
2.787243995070854453e+03
2.786443686923697896e+03
2.786515085014274518e+03
2.264231292601918540e+03
1.901074869802092735e+03
2.123803184651078482e+03
1.554723125077292480e+03
9.003148543022025478e+02
8.342287673679353475e+02
1.090869265585379708e+03
7.823398654037129063e+02
2.353882359714405538e+03
2.786712264152922216e+03
2.787795583237156734e+03
2.339304057507385551e+03
1.349496880233481306e+03
9.338002416260411565e+02
8.175919460923396400e+02
8.527107508850710929e+02
8.469658178145657530e+02
8.787245894811038625e+02
9.296434714786779523e+02
1.516209245558893599e+03
2.783679210400170177e+03
2.788463498268384683e+03
2.690850358836912619e+03
2.778080420524407600e+03
2.790137349221374279e+03
2.591137329032334037e+03
1.812805577642593789e+03
2.672881798164588417e+03
2.784466116412647352e+03
2.665785287607395730e+03
2.381956457505995331e+03
2.592586871430345582e+03
2.788450485846356969e+03
2.314804778558842827e+03
1.439703288057425425e+03
1.096374759773483447e+03
1.009547768587347718e+03
9.505554473965457873e+02
1.028443841240542952e+03
9.405423540662064852e+02
1.662315634600906833e+03
2.788968914829059941e+03
1.715776243688050727e+03
2.600134600439513179e+03
2.786746813380242202e+03
2.788270099513650621e+03
2.211185598547625432e+03
1.124407296767056323e+03
9.183142088696559995e+02
7.859508068374473169e+02
1.489807251846539657e+03
2.787058254913460132e+03
2.789484039158574888e+03
2.633781549234712202e+03
2.625850348351256798e+03
1.906740602465473330e+03
1.732990804295132648e+03
1.378156707795589000e+03
9.705018313415265538e+02
9.724305119968948929e+02
1.180152547635408837e+03
9.376940772045666108e+02
1.362773033350603555e+03
9.337336691527832500e+02
1.036840283505633579e+03
1.122605663753255385e+03
9.502062713508020124e+02
9.555861796427483341e+02
9.498406436204197689e+02
9.540714195714097059e+02
9.688070058656286392e+02
9.482526526785635497e+02
9.424864943271506945e+02
1.073230815079013155e+03
1.045086261598240981e+03
9.480707999062035469e+02
1.404180150439264935e+03
9.371816691167304043e+02
9.479862391050926362e+02
9.440097741483248228e+02
9.528780723527069085e+02
9.519058609163372466e+02
9.508710530445773657e+02
9.624493152817952932e+02
9.560231604548475843e+02
9.115104198659677195e+02
1.728124063176608388e+03
2.782760536374584717e+03
2.787246443509353867e+03
2.315408101060560512e+03
2.632161005225853387e+03
2.788688872618543428e+03
2.788328846407244328e+03
2.767435962929861489e+03
2.790366256755413815e+03
2.779605618503119331e+03
1.955657749385862189e+03
1.081905802227605136e+03
1.013647610441344113e+03
9.515668463911191566e+02
9.446821856079315012e+02
1.305606826129253250e+03
1.733832502702355896e+03
2.788706599271295545e+03
2.787488949367395435e+03
2.225088823504932407e+03
2.681565742142257022e+03
2.784355785141404340e+03
2.787957955429487811e+03
2.760600983770775656e+03
2.789554347453251012e+03
2.787770759395893947e+03
2.691829386893489755e+03
2.562076551849226234e+03
2.659299161094332703e+03
2.785921590146023846e+03
1.808926766820559806e+03
8.513735475688545193e+02
9.692148371078397986e+02
7.853555498899005443e+02
7.856642630583598930e+02
1.287572487133474624e+03
2.106499171389280946e+03
2.497003710800809586e+03
2.686079337198992562e+03
2.778611605711979792e+03
2.787062761684272118e+03
2.200139295044544724e+03
1.247494922689711075e+03
1.520548720958013746e+03
7.832975059797265658e+02
7.794408101194015899e+02
8.439223870506459662e+02
1.192265307489039515e+03
1.150763075198191245e+03
1.264055461422748749e+03
7.808606505884747548e+02
7.819168988720740572e+02
7.831870682907689343e+02
8.114651857551928060e+02
2.321383607541383753e+03
7.840621482337264752e+02
7.817487444447672260e+02
7.871744070625987888e+02
1.147997356318142238e+03
8.113824265795119572e+02
1.866274095955686107e+03
2.787456385699188559e+03
2.787635454924920396e+03
2.227565265422589164e+03
1.233058765804154064e+03
9.510145261658642539e+02
8.043298693369501962e+02
7.845234721549974211e+02
1.276810731644829957e+03
2.211888020825133481e+03
2.564108341075841054e+03
2.727430584143111446e+03
2.785522712137450981e+03
2.791694041388774167e+03
1.867688073480933099e+03
1.087341900035368781e+03
1.026658415866681025e+03
8.968365429842459662e+02
1.269501541786248254e+03
2.399363799216580901e+03
2.788505470903042351e+03
1.963019948609759240e+03
2.601229149144342045e+03
2.787808241860541330e+03
2.784662624830899404e+03
2.617326682126567448e+03
2.486987713216601605e+03
2.007510881881012892e+03
8.021342709151408599e+02
1.959407503213480368e+03
9.434782081953189845e+02
7.924856490713649464e+02
7.823768531509680315e+02
1.811841097394277313e+03
2.711212316139465656e+03
2.740050839616375015e+03
2.784246938685968871e+03
2.783632319333367832e+03
2.433704216224566153e+03
1.730995572775731944e+03
1.147466752872300276e+03
9.590679513607732360e+02
7.850907687354317659e+02
7.819555966088480545e+02
8.057425799695890873e+02
7.866867269028199416e+02
9.081762613890288094e+02
9.258926250720350026e+02
8.196878218506229814e+02
7.852718003147824675e+02
7.835478196521374912e+02
1.656357392172252048e+03
1.733877610851955978e+03
7.855896217746789034e+02
7.838120859464884234e+02
1.596277602134012341e+03
2.600185674494227897e+03
2.715295676455219109e+03
2.758924757000685986e+03
2.786945072763684948e+03
2.786121119109343454e+03
2.790109120457899735e+03
2.763437940184570834e+03
2.705438913568927546e+03
2.652250350537673057e+03
2.744587639633907202e+03
2.788518057829818190e+03
1.908818218134900235e+03
1.076543259419362812e+03
1.009291224389804597e+03
9.547529518996806246e+02
9.565891921744092770e+02
1.870727792570470001e+03
2.711401976614431987e+03
2.775563875673764414e+03
2.761527968203241016e+03
2.785762875979472028e+03
2.787456929178663813e+03
1.974371485112659911e+03
8.955369375461962136e+02
2.315776981479389633e+03
9.582747621354652665e+02
7.839447274160856978e+02
2.220146634428229390e+03
7.818254779209088383e+02
1.814290064586021117e+03
2.791303050677338433e+03
2.773398619199662335e+03
1.972803834426694948e+03
1.002997399444625671e+03
8.211604731208568637e+02
9.212649574423345484e+02
2.174734575340880838e+03
7.891295517195579805e+02
7.863213950027817418e+02
7.904871115866646960e+02
2.438553221780686727e+03
7.844268668443257866e+02
7.867298912965918589e+02
7.844131014634027679e+02
7.815716981108180335e+02
8.944060164217381725e+02
7.842576324531236196e+02
2.010295842840203022e+03
7.901794777490799788e+02
7.833031567353403943e+02
2.363315211706369610e+03
8.070305661017146122e+02
1.030554667711823186e+03
1.847259202987416984e+03
2.791002829510827269e+03
2.791529148748685657e+03
2.789647241253994252e+03
2.775569856448109931e+03
2.552278532853349134e+03
2.483743475603271690e+03
2.768184536046186167e+03
2.790030522675629072e+03
2.667264011128253969e+03
2.609968971545459681e+03
2.425491037409499768e+03
1.603410235167159499e+03
1.084108016182129177e+03
1.034497219911571847e+03
9.114819038905781099e+02
9.231461518097524959e+02
9.338896906805852041e+02
9.406048826219196144e+02
1.201282119905050649e+03
1.795604072006401111e+03
2.325601101256430411e+03
2.508277250685739546e+03
2.786141501893775967e+03
2.777527489406847508e+03
2.759807761669379943e+03
2.788178445833782007e+03
2.789075835025782908e+03
2.641680703449261273e+03
2.158649480864270117e+03
1.526674631733505294e+03
1.142872548052272577e+03
9.510657892626308012e+02
9.628940225892571334e+02
9.541881344441355850e+02
9.582540506098615651e+02
9.586368693044196334e+02
1.832634816787066484e+03
2.724862591309312393e+03
2.707292114746143852e+03
2.788086985547575296e+03
2.788676866811092168e+03
2.502963836951526901e+03
2.510582906226085015e+03
2.391409866546770900e+03
1.642333519985188104e+03
1.361098082260206866e+03
1.278242263679960161e+03
9.534479648062244905e+02
9.552493411080644137e+02
9.708693524865842619e+02
9.576042712760789755e+02
9.545595037472712647e+02
1.738904963966464948e+03
2.647168706914786981e+03
2.733905758200769924e+03
2.791149899828299567e+03
2.789107019742231387e+03
1.769358886357754272e+03
1.015994951025229739e+03
8.728741099746234795e+02
1.570954104548722398e+03
2.630623906406322021e+03
2.640302240604153212e+03
2.023750860609792653e+03
1.179897556850026604e+03
1.040445119546419164e+03
9.509078079161016603e+02
9.510333765371051413e+02
9.466911055800462691e+02
9.575913272989954521e+02
9.788635585830172658e+02
9.512949677322242223e+02
9.499581668874803881e+02
9.704684199396324402e+02
8.978237579046883639e+02
9.012733943114566273e+02
8.436618223816226418e+02
7.841814255496008172e+02
7.879515468393859692e+02
8.102712419965198478e+02
9.139188644492288631e+02
7.796959471937203716e+02
8.083257160310954532e+02
7.854032127982940210e+02
8.409205607520084413e+02
9.668646742239126297e+02
8.424575995607306140e+02
7.783403761102937324e+02
1.259303894516190894e+03
7.859907054809233387e+02
7.782822335244146643e+02
7.786874566514381968e+02
9.816576524893906708e+02
9.587325560941953881e+02
9.613307741973570728e+02
9.508900526707743666e+02
1.269519808022676443e+03
9.371798263760780401e+02
9.562415283794433662e+02
9.686735216758089564e+02
8.965045085983302897e+02
8.416978701343640523e+02
8.485647003906587997e+02
1.033695225036766487e+03
2.459705016386019906e+03
2.790744583281321866e+03
2.787356617557557911e+03
1.966715518929316431e+03
1.049867727888150284e+03
1.043945642383380573e+03
9.390318970196041164e+02
9.676683808672355553e+02
9.629128260225807026e+02
9.556159229965909390e+02
1.042284793872792761e+03
1.682295749918767115e+03
1.091380124968140535e+03
9.407594966733419142e+02
9.556217707294752017e+02
9.520212693249007998e+02
9.039068691729231659e+02
7.996952964616499457e+02
1.488617707928436175e+03
2.785475684101730621e+03
2.789843945764740511e+03
2.479842799129805826e+03
2.616513362138500270e+03
2.784297112776739596e+03
2.754974473263469463e+03
2.062131551010207659e+03
1.066363994309699819e+03
8.971274569474716145e+02
9.621255584327855104e+02
8.896617703536057888e+02
8.235280808265007408e+02
8.763049640847436876e+02
9.489905489335575339e+02
9.544220269368342997e+02
1.075272570330769213e+03
1.142386168951494938e+03
9.361176034980945815e+02
9.568141481508673678e+02
9.919421430177981165e+02
1.159210959580806048e+03
9.401801011688630751e+02
9.527079338545358951e+02
9.507571262763265167e+02
1.578453622223430784e+03
2.579967394400735884e+03
2.590671897922936751e+03
2.749649119742444327e+03
2.786490101022928229e+03
2.208589806132471494e+03
1.213537756032881816e+03
1.520326513483386861e+03
1.000699853724733657e+03
7.900450336945871186e+02
7.815840323272460637e+02
1.042654629849840831e+03
7.818213775303656803e+02
7.802026392111123414e+02
7.838953776636079738e+02
7.841517796025224243e+02
1.408361031966156133e+03
2.070452055896131696e+03
9.518029175722301716e+02
9.484448279687997001e+02
9.530014613681671563e+02
1.608065252544584609e+03
2.512426421718726942e+03
2.681393500344001041e+03
2.006577261962124112e+03
2.376633368051999696e+03
2.787370446280600390e+03
2.788460847058136551e+03
2.337423910394798895e+03
1.493553981203492640e+03
1.261236011590152202e+03
1.015463219289190874e+03
2.779153533839170905e+03
2.788013221325845734e+03
2.788414632098077163e+03
2.525650446746550188e+03
2.049518508824377022e+03
1.540499286505388682e+03
1.034580308652016583e+03
1.103403470925721422e+03
1.481766568886766891e+03
2.419233669857408586e+03
2.065184751002739631e+03
2.286145399245341196e+03
7.824812786384594574e+02
7.795482779313248329e+02
9.544544605704174955e+02
9.556267243669766458e+02
9.563218074294425151e+02
9.030333092979107050e+02
1.561132016937600156e+03
9.591738853711765387e+02
9.559759503019482736e+02
9.537486616534889663e+02
1.416765564446897088e+03
2.255588676147933256e+03
2.611936917439177705e+03
2.728826612970016413e+03
2.788290762804824681e+03
2.790369085270737287e+03
2.169531307666037264e+03
1.278081426916458440e+03
1.080770129775247369e+03
9.569259688793133591e+02
9.204246626143609546e+02
9.759870857462939284e+02
9.521253051180034390e+02
9.536144895089818192e+02
9.156450311663523962e+02
8.851613561621275039e+02
8.773503793876413965e+02
8.297644357194812983e+02
7.929645682879942115e+02
8.134967418460284989e+02
2.045701673470385231e+03
2.787781120809231652e+03
2.323576822169953175e+03
1.055724751363041605e+03
1.582308554881128430e+03
9.514409443366542973e+02
9.531102185256271468e+02
8.741295342128415768e+02
9.361056761394017940e+02
1.244716048743225429e+03
1.685855344375116829e+03
9.505309842683784609e+02
9.627107860368874981e+02
9.504225853773192512e+02
1.878337902673395092e+03
2.718847926155703590e+03
2.737969387729443042e+03
2.789632426452230902e+03
2.770154162067059133e+03
2.786033932414096853e+03
2.740994679221491424e+03
2.713962121264738471e+03
2.763976223557362118e+03
2.787765969803604548e+03
2.789774171633160677e+03
2.770150480602637799e+03
2.778443764758659199e+03
2.788323513926178748e+03
2.584594057867277570e+03
2.623876370441877953e+03
1.829018550937399141e+03
2.115268290726867690e+03
1.048311667495342363e+03
7.815664581093756169e+02
2.611442048817601517e+03
2.786344269873610301e+03
2.787007600778568758e+03
2.437384780680994027e+03
1.781213829614325732e+03
1.256437889163320278e+03
1.053526493344874552e+03
9.235621177401520754e+02
7.937788813958327410e+02
1.000010504747733421e+03
1.178817157418255192e+03
1.462176966355751574e+03
1.406792921624212340e+03
7.825122151078779780e+02
7.829736407979223713e+02
1.932785536532116794e+03
7.792597746325803882e+02
1.675109316211581017e+03
2.406912498172440792e+03
1.576838531936718482e+03
1.176580892993269799e+03
7.893274069102069461e+02
8.952860441292668838e+02
1.087710315032632934e+03
9.472475902840719755e+02
9.477767420650477561e+02
1.643642341394159757e+03
1.315575774345624495e+03
2.548326974874919415e+03
2.789084986462426514e+03
2.557903970911451779e+03
2.784903702016274110e+03
2.787389870117753617e+03
1.998223979298309587e+03
1.086428495266482514e+03
9.741156014140351544e+02
9.594210529318686440e+02
9.026083491148870053e+02
1.772214246911994451e+03
2.787729177888561935e+03
2.790576721539429400e+03
1.934218280233276573e+03
1.625907638372879319e+03
1.589463981767792802e+03
1.086762651065337195e+03
7.807381920716105697e+02
7.887136660611345178e+02
9.886418910480181239e+02
1.136355271337574777e+03
9.407895358499063150e+02
9.593409294278353627e+02
7.874209454112500453e+02
7.833659016612591586e+02
8.123904249893852239e+02
7.804163626107952041e+02
7.895926216312038832e+02
8.890410494527319543e+02
9.507628635068958829e+02
9.486174696034362341e+02
9.620398376515909149e+02
9.512508783078469605e+02
9.811230276491709219e+02
9.680226687200181459e+02
9.470511374796271866e+02
9.832874531880979703e+02
9.436904433595034334e+02
9.484999262469524410e+02
9.531597709438839274e+02
1.546433235158310254e+03
2.416491624433864672e+03
2.565356927353829178e+03
2.708118945105752118e+03
2.761512223825286583e+03
2.787519314008441597e+03
2.786437727880382681e+03
2.148491181210312789e+03
8.313434445561240409e+02
1.224043194656427886e+03
9.100012544690254117e+02
9.896385518452802899e+02
1.067866392110870493e+03
1.012428566613508679e+03
2.395451583583398588e+03
1.532398453524270508e+03
9.483046069884767348e+02
9.506709520868336085e+02
9.577309701537124056e+02
9.598047802950673031e+02
9.782142081546573991e+02
9.542118447746577203e+02
9.437921936160144014e+02
9.687102633396522151e+02
9.514660456305939533e+02
9.513194550204648294e+02
9.794957395978777868e+02
9.595222368882972432e+02
9.507291497242844116e+02
9.676536941026122349e+02
9.531719521278708953e+02
9.477585705377174463e+02
9.823026916681544662e+02
9.658890118015873441e+02
9.484257687765789342e+02
1.092236601836402770e+03
1.528885989747792564e+03
2.059485645077139452e+03
2.551595409298771301e+03
2.777980244273075186e+03
2.738379098814546978e+03
2.763255577162641202e+03
2.786104881163043046e+03
2.065552502631040625e+03
1.067289988969232354e+03
1.159825840483078082e+03
9.431217265672808026e+02
7.868309645570429893e+02
7.825182301636386910e+02
7.856860138917309087e+02
7.879646528423612608e+02
8.158382054804135350e+02
8.063313973490942317e+02
9.028252224927869065e+02
8.410227954118563503e+02
7.849080705629821750e+02
7.862371559730197532e+02
1.270538166163764572e+03
7.791658640171467596e+02
1.812083718913423127e+03
2.785912000336686106e+03
2.755919146045766411e+03
2.680993620691821889e+03
2.647509682782810160e+03
2.366841594996219555e+03
1.610288493712676427e+03
1.164908214986899793e+03
1.040843264967363439e+03
9.541449389672218331e+02
9.524378812461403641e+02
9.751520735208557653e+02
1.351912744649029037e+03
2.113127638621915594e+03
2.486147477072015590e+03
2.677277032002680698e+03
2.787890908100295746e+03
2.790394116557726647e+03
2.735888021349604514e+03
2.788457671403262793e+03
2.790663457841391846e+03
2.276392354121996505e+03
1.382217500182438471e+03
1.129262017025850582e+03
9.607414560884895991e+02
9.522380482203536758e+02
9.543613936615497551e+02
9.221023330879960440e+02
9.190115606381342559e+02
